x=10;
y=10;
z=500;
Momo=100;
MomoSteroider=1000000;
Therese=19;
Lus=1337;
Muji=007;
