x=10;
y=10;
z=500;
Momo=100;
MomoSteroider=1000000;